n[CROWN]o[]i[kingpin]l[0,12]a[255]e[28,10]$l[0,6]a[80]#[-15,0;15,0;14,5;-14,5]$l[0,12]a[255]#[-14,0;-14,-23;-7,-10;0,-23;7,-10;14,-23;14,0]$l[0,6]a[80]#[-15,0;0,2;15,0;15,2;0,4;-15,2]
n[HAMMER]o[]i[&nails]l[0,-1]<[0.6]a[255]#[-1,0;1,0;1,23;-1,23]$l[0,-5]<[0.6]a[255]#[-8,0;8,0;8,-10;-8,-10]$l[0,-10]<[0.6]a[255]#[-12,-7;-11,-7;-11,7;-12,7]$l[0,-10]<[0.6]a[255]#[12,-7;11,-7;11,7;12,7]
n[MELON]o[]i[sliced]l[0,-2]a[255]e[40,40]$l[0,-2]a[80]#[-21,0;21,0;21,-21;-21,-21]$l[0,7]a[80]e[4,4]$l[8,4]a[80]e[4,4]$l[-8,4]a[80]e[4,4]
n[INFO]o[]i[informed]l[0,-9]a[255]e[6,6]$l[0,7]a[255]#[-3,-8;3,-8;3,8;-3,8]
n[HELP]o[]i[?mark]l[0,12]a[255]e[6,6]$a[255]#[-10,-13;10,-13;10,5;-3,5;-3,-1;4,-1;4,-7;-10,-7]
n[PLAY]o[]i[delta]l[4,0]a[255]#[-10.5,-12;-10.5,12;10.5,0]
n[STOP]o[]i[square]a[255]#[-8,-8;8,-8;8,8;-8,8]
n[SKULL]o[]i[skullface]a[255]#[-14,-14;14,-14;14,2;6,2;6,9;5,9;5,7;1,7;1,9;-1,9;-1,7;-5,7;-5,9;-6,9;-6,2;-14,2]$l[0,12]a[255]#[-6,0;-5,0;-5,2;-1,2;-1,0;1,0;1,2;5,2;5,0;6,0;6,5;-6,5]$l[-6,-6]a[80]#[-3,-3;3,-3;3,3;-3,3]$l[6,-6]a[80]#[-3,-3;3,-3;3,3;-3,3]
n[BULLET]o[]i[well-rounded]l[0,-6]<[0.65]a[255]e[15,27]$l[0,3]<[0.65]a[255]#[-7.5,-9;7.5,-9;7.5,9;4,12;7,15;-7,15;-4,12;-7.5,9]$l[0,-6]<[0.65]a[80]#[-9,-1.5;9,-1.5;9,1.5;-9,1.5]";
n[PRESENT]o[]i[now]l[-7,-3]a[255]#[-6,-4;4,-4;4,4;-6,4]$l[7,-3]a[255]#[-4,-4;6,-4;6,4;-4,4]$l[7,10]a[255]#[-4,-4;6,-4;6,4;-4,4]$l[-7,10]a[255]#[-6,-4;4,-4;4,4;-6,4]$l[0,-10]a[255]#[0,0;-5,-3;-2,-6;0,-1;4,-4;7,-2]
